1 led

$ 1 0.000005 10.20027730826997 50 5 43 5e-11
165 144 208 208 208 1038 4.990276903956686
v 48 368 48 240 0 0 40 5 0 0 0.5
w 144 240 48 240 0
w 48 240 48 176 0
w 48 176 208 176 0
w 48 368 176 368 0
162 16 208 16 144 2 default-led 1 0 0 0.01
w 16 272 144 272 0
r 16 272 16 208 0 330
w 16 144 336 144 0
w 336 144 336 384 0
w 272 384 48 384 0
w 48 384 48 368 0
w 272 304 272 336 0
r 272 176 272 224 0 1000
w 272 240 272 224 0
w 272 176 208 176 0
r 288 240 288 304 0 1000
w 272 240 288 240 0
w 288 304 288 336 0
w 288 336 272 336 0
209 272 336 272 384 0 0.00001 2.0044061503049053 0.001 1
w 272 384 336 384 0


2 led

$ 1 0.000005 382.76258214399064 51 5 43 5e-11
165 144 208 208 208 1038 4.990276903966537
v 48 368 48 240 0 0 40 5 0 0 0.5
w 144 240 48 240 0
w 48 240 48 176 0
w 48 176 208 176 0
w 48 368 176 368 0
162 112 112 144 80 2 default-led 1 0 0 0.01
w 144 80 144 272 0
r 80 144 112 112 0 330
w 288 80 336 80 0
w 336 80 336 384 0
w 272 384 48 384 0
w 48 384 48 368 0
w 272 304 272 336 0
r 272 176 272 224 0 1000
w 272 240 272 224 0
w 272 176 208 176 0
r 288 240 288 304 0 1000
w 272 240 288 240 0
w 288 304 288 336 0
w 288 336 272 336 0
209 272 336 272 384 0 0.00001 2.3131193406292323 0.001 1
w 272 384 336 384 0
r 144 80 224 80 0 330
162 224 80 288 80 2 default-led 1 0 0 0.01
w 80 144 48 176 0

3 led errado

$ 1 0.000005 16.817414165184545 51 5 43 5e-11
165 144 208 208 208 1038 4.989092407918226
v 48 368 48 240 0 0 40 5 0 0 0.5
w 144 240 48 240 0
w 48 240 48 176 0
w 48 176 208 176 0
w 48 368 176 368 0
162 -128 144 16 64 2 default-led 1 0 0 0.01
w 144 80 144 272 0
r 48 176 -128 176 0 330
w 288 80 336 80 0
w 336 80 336 384 0
w 272 384 48 384 0
w 48 384 48 368 0
w 272 304 272 336 0
r 272 176 272 224 0 1000
w 272 240 272 224 0
w 272 176 208 176 0
r 288 240 288 304 0 1000
w 272 240 288 240 0
w 288 304 288 336 0
w 288 336 272 336 0
209 272 336 272 384 0 0.00001 2.4153661630944696 0.001 1
w 272 384 336 384 0
r 144 80 224 80 0 330
162 224 80 288 80 2 default-led 1 0 0 0.01
w -128 144 -128 176 0
r 336 48 144 48 0 330
t 16 64 144 64 0 1 0.6000189982225161 -1.959605040923825 100 default
162 336 48 336 80 2 default-led 1 0 0 0.01
